$ 1 0.000005 10.20027730826997 44 5 50 5e-11
152 32 208 160 208 0 2 5 5
150 -96 224 32 224 0 2 0 5
150 -288 176 -144 176 0 2 5 5
w 160 64 192 64 0
w 48 64 160 64 0
w -112 208 -112 80 0
w -96 240 -144 240 0
w 32 176 32 192 0
w -304 192 -304 96 0
w -288 192 -304 192 0
w -336 64 -272 64 0
w -336 160 -336 64 0
w -288 160 -336 160 0
w -304 96 -272 96 0
w -144 176 32 176 0
w -144 240 -144 48 0
w -144 32 -144 -80 0
w -144 48 -144 32 0
w -80 48 -144 48 0
w -96 208 -112 208 0
w -112 80 -80 80 0
w -144 80 -112 80 0
154 -80 64 48 64 0 2 5 5
154 -272 80 -144 80 0 2 0 5
w 160 208 160 272 0
w 160 272 -144 272 0
154 -272 336 -144 336 0 2 0 5
154 -80 320 48 320 0 2 5 5
w -144 336 -112 336 0
w -112 336 -80 336 0
w -96 464 -112 464 0
w -80 304 -144 304 0
w -144 304 -144 272 0
w -144 496 -144 304 0
w -144 432 32 432 0
w -304 352 -272 352 0
w -288 416 -336 416 0
w -336 416 -336 320 0
w -336 320 -272 320 0
w -288 448 -304 448 0
w -304 448 -304 352 0
w 32 432 32 448 0
w -96 496 -144 496 0
w -112 464 -112 336 0
w 48 320 160 320 0
w 160 320 192 320 0
150 -288 432 -144 432 0 2 5 5
150 -96 480 32 480 0 2 0 5
152 32 464 160 464 0 2 5 5
152 32 720 160 720 0 2 5 5
150 -96 736 32 736 0 2 0 5
150 -288 688 -144 688 0 2 5 5
w 160 576 192 576 0
w 48 576 160 576 0
w -112 720 -112 592 0
w -96 752 -144 752 0
w 32 688 32 704 0
w -304 704 -304 608 0
w -288 704 -304 704 0
w -336 576 -272 576 0
w -336 672 -336 576 0
w -288 672 -336 672 0
w -304 608 -272 608 0
w -144 688 32 688 0
w -144 752 -144 560 0
w -144 560 -144 528 0
w -80 560 -144 560 0
w -96 720 -112 720 0
w -112 592 -80 592 0
w -144 592 -112 592 0
154 -80 576 48 576 0 2 5 5
154 -272 592 -144 592 0 2 0 5
w 160 528 -144 528 0
w 160 464 160 528 0
150 -288 -80 -144 -80 0 2 5 5
w -304 -64 -304 -160 0
w -288 -64 -304 -64 0
L -432 -224 -432 -256 2 1 false 5 0
w -336 -192 -272 -192 0
w -336 -96 -336 -192 0
w -288 -96 -336 -96 0
w -304 -160 -272 -160 0
154 -272 -176 -144 -176 0 2 0 5
w -144 -176 160 -176 0
w 160 -176 192 -176 0
w 160 720 160 832 0
L -448 -224 -448 -256 2 1 false 5 0
L -416 -224 -416 -256 2 1 false 5 0
L -400 -224 -400 -256 2 1 false 5 0
w -304 -160 -400 -160 0
w -400 -160 -400 -224 0
w -304 96 -416 96 0
w -416 96 -416 -224 0
w -432 -224 -432 352 0
w -432 352 -304 352 0
w -304 608 -448 608 0
w -448 608 -448 -224 0
w -544 576 -544 -224 0
w -336 576 -544 576 0
w -528 320 -336 320 0
w -528 -224 -528 320 0
w -512 64 -512 -224 0
w -336 64 -512 64 0
w -496 -192 -496 -224 0
w -336 -192 -496 -192 0
L -496 -224 -496 -256 2 1 false 5 0
L -512 -224 -512 -256 2 1 false 5 0
L -544 -224 -544 -256 2 1 false 5 0
L -528 -224 -528 -256 2 1 false 5 0
w 288 720 288 -176 0
w 192 -176 288 -176 0
w 272 720 272 64 0
w 272 64 192 64 0
w 256 720 256 320 0
w 256 320 192 320 0
w 240 720 240 576 0
w 240 576 192 576 0
M 240 720 240 752 2 2.5
M 256 720 256 752 2 2.5
M 272 720 272 752 2 2.5
M 288 720 288 752 2 2.5
w 224 944 192 944 0
w -304 976 -448 976 0
w 160 1088 160 1200 0
w 160 832 160 896 0
w 160 896 -144 896 0
154 -272 960 -144 960 0 2 0 5
154 -80 944 48 944 0 2 5 5
w -144 960 -112 960 0
w -112 960 -80 960 0
w -96 1088 -112 1088 0
w -80 928 -144 928 0
w -144 928 -144 896 0
w -144 1120 -144 928 0
w -144 1056 32 1056 0
w -304 976 -272 976 0
w -288 1040 -336 1040 0
w -336 944 -272 944 0
w -288 1072 -304 1072 0
w -304 1072 -304 976 0
w 32 1056 32 1072 0
w -96 1120 -144 1120 0
w -112 1088 -112 960 0
w 48 944 160 944 0
w 160 944 192 944 0
150 -288 1056 -144 1056 0 2 0 5
150 -96 1104 32 1104 0 2 0 5
152 32 1088 160 1088 0 2 0 5
w -448 976 -576 976 0
w -336 944 -464 944 0
L -464 944 -464 -240 2 0 false 5 0
L -576 976 -576 -240 2 0 false 5 0
w -336 1040 -336 944 0
M 224 944 224 752 2 2.5
M 160 1200 -16 1200 2 2.5
M 1584 1264 1408 1264 2 2.5
M 1648 1008 1648 816 2 2.5
L 848 1040 848 -176 2 0 false 5 0
L 960 1008 960 -176 2 0 false 5 0
w 1088 1008 960 1008 0
w 976 1040 848 1040 0
152 1456 1152 1584 1152 0 2 0 5
150 1328 1168 1456 1168 0 2 0 5
150 1136 1120 1280 1120 0 2 0 5
w 1584 1008 1616 1008 0
w 1472 1008 1584 1008 0
w 1328 1184 1280 1184 0
w 1456 1120 1456 1136 0
w 1120 1136 1120 1040 0
w 1136 1136 1120 1136 0
w 1088 1008 1152 1008 0
w 1136 1104 1088 1104 0
w 1120 1040 1152 1040 0
w 1280 1120 1456 1120 0
w 1280 1184 1280 992 0
w 1280 992 1280 960 0
w 1344 992 1280 992 0
w 1328 1152 1312 1152 0
w 1312 1024 1344 1024 0
w 1280 1024 1312 1024 0
154 1344 1008 1472 1008 0 2 0 5
154 1152 1024 1280 1024 0 2 0 5
w 1584 960 1280 960 0
w 1584 896 1584 960 0
w 1584 1152 1584 1264 0
w 1120 1040 976 1040 0
w 1648 1008 1616 1008 0
M 1712 784 1712 816 2 2.5
M 1696 784 1696 816 2 2.5
M 1680 784 1680 816 2 2.5
M 1664 784 1664 816 2 2.5
w 1664 640 1616 640 0
w 1664 784 1664 640 0
w 1680 384 1616 384 0
w 1680 784 1680 384 0
w 1696 128 1616 128 0
w 1696 784 1696 128 0
w 1616 -112 1712 -112 0
w 1712 784 1712 -112 0
L 896 -160 896 -192 2 0 false 5 0
L 880 -160 880 -192 2 0 false 5 0
L 912 -160 912 -192 2 0 false 5 0
L 928 -160 928 -192 2 0 false 5 0
w 1088 -128 928 -128 0
w 928 -128 928 -160 0
w 1088 128 912 128 0
w 912 128 912 -160 0
w 896 -160 896 384 0
w 896 384 1088 384 0
w 1088 640 880 640 0
w 880 640 880 -160 0
w 976 672 976 -160 0
w 1120 672 976 672 0
w 992 416 1120 416 0
w 992 -160 992 416 0
w 1008 160 1008 -160 0
w 1120 160 1008 160 0
w 1024 -96 1024 -160 0
w 1120 -96 1024 -96 0
L 1024 -160 1024 -192 2 0 false 5 0
L 1008 -160 1008 -192 2 0 false 5 0
L 976 -160 976 -192 2 0 false 5 0
w 1584 784 1584 896 0
w 1584 -112 1616 -112 0
w 1280 -112 1584 -112 0
154 1152 -112 1280 -112 0 2 0 5
w 1120 -96 1152 -96 0
w 1056 -32 1088 -128 0
w 1088 -128 1152 -128 0
L 992 -160 992 -192 2 0 false 5 0
w 1136 0 1120 0 0
w 1120 0 1120 -32 0
150 1136 -16 1280 -16 0 2 0 5
w 1584 528 1584 592 0
w 1584 592 1280 592 0
154 1152 656 1280 656 0 2 0 5
154 1344 640 1472 640 0 2 0 5
w 1280 656 1312 656 0
w 1312 656 1344 656 0
w 1328 784 1312 784 0
w 1344 624 1280 624 0
w 1280 624 1280 592 0
w 1280 816 1280 624 0
w 1280 752 1456 752 0
w 1120 672 1152 672 0
w 1136 736 1088 736 0
w 1088 640 1152 640 0
w 1136 768 1120 768 0
w 1120 768 1120 672 0
w 1456 752 1456 768 0
w 1328 816 1280 816 0
w 1472 640 1584 640 0
w 1584 640 1616 640 0
150 1136 752 1280 752 0 2 0 5
150 1328 800 1456 800 0 2 0 5
152 1456 784 1584 784 0 2 0 5
152 1456 528 1584 528 0 2 0 5
150 1328 544 1456 544 0 2 0 5
150 1136 496 1280 496 0 2 0 5
w 1584 384 1616 384 0
w 1472 384 1584 384 0
w 1328 560 1280 560 0
w 1456 496 1456 512 0
w 1120 512 1120 416 0
w 1136 512 1120 512 0
w 1088 384 1152 384 0
w 1136 480 1088 480 0
w 1120 416 1152 416 0
w 1280 496 1456 496 0
w 1280 560 1280 368 0
w 1280 368 1280 336 0
w 1344 368 1280 368 0
w 1328 528 1312 528 0
w 1312 400 1344 400 0
w 1280 400 1312 400 0
154 1344 384 1472 384 0 2 0 5
154 1152 400 1280 400 0 2 0 5
w 1584 336 1280 336 0
w 1584 272 1584 336 0
154 1152 144 1280 144 0 2 0 5
154 1344 128 1472 128 0 2 0 5
w 1280 144 1312 144 0
w 1312 144 1344 144 0
w 1328 272 1312 272 0
w 1344 112 1280 112 0
w 1280 112 1280 96 0
w 1280 96 1280 -16 0
w 1280 304 1280 112 0
w 1280 240 1456 240 0
w 1120 160 1152 160 0
w 1088 224 1088 128 0
w 1088 128 1152 128 0
w 1136 256 1120 256 0
w 1120 256 1120 160 0
w 1456 240 1456 256 0
w 1328 304 1280 304 0
w 1472 128 1584 128 0
w 1584 128 1616 128 0
150 1136 240 1280 240 0 2 0 5
150 1328 288 1456 288 0 2 0 5
152 1456 272 1584 272 0 2 0 5
w 1120 -32 1120 -96 0
I 1056 -32 1136 -32 0 0.5 5
I 1088 224 1136 224 0 0.5 5
w 1312 176 1312 144 0
I 1312 176 1312 272 0 0.5 5
I 1088 384 1088 480 0 0.5 5
I 1312 400 1312 528 0 0.5 5
I 1088 640 1088 736 0 0.5 5
I 1312 656 1312 784 0 0.5 5
I 1088 1008 1088 1104 0 0.5 5
I 1312 1024 1312 1152 0 0.5 5
