$ 1 0.000005 10.20027730826997 50 5 50 5e-11
L 304 144 304 48 2 1 false 5 0
L 320 144 320 48 2 0 false 5 0
L 336 144 336 48 2 1 false 5 0
L 352 144 352 48 2 0 false 5 0
w 336 144 336 224 0
w 336 224 400 224 0
w 352 144 352 192 0
w 352 192 400 192 0
150 400 208 512 208 0 2 0 5
w 320 144 320 256 0
w 304 144 304 288 0
150 432 272 496 272 0 2 0 5
w 320 256 368 256 0
w 304 288 368 288 0
I 368 256 432 256 0 0.5 5
I 368 288 432 288 0 0.5 5
w 512 208 512 224 0
150 528 240 624 240 0 2 0 5
w 496 272 512 272 0
w 512 272 512 256 0
w 512 256 528 256 0
w 512 224 528 224 0
w 352 192 352 336 0
w 336 224 336 368 0
152 416 352 528 352 0 2 5 5
w 336 368 416 368 0
w 352 336 416 336 0
w 320 256 320 400 0
w 304 288 304 432 0
w 320 400 416 400 0
150 416 416 528 416 0 2 0 5
w 304 432 384 432 0
I 384 432 416 432 0 0.5 5
150 528 384 640 384 0 2 0 5
w 528 352 528 368 0
w 528 400 528 416 0
152 656 304 800 304 0 2 0 5
w 624 240 656 240 0
w 656 240 656 288 0
w 640 384 656 384 0
w 656 320 656 384 0
w 352 336 352 480 0
154 432 496 512 496 0 2 5 5
w 352 480 432 480 0
w 336 368 336 512 0
w 336 512 432 512 0
w 320 400 320 544 0
w 304 432 304 576 0
150 416 560 512 560 0 2 5 5
w 304 576 416 576 0
w 320 544 368 544 0
I 368 544 416 544 0 0.5 5
150 544 528 656 528 0 2 5 5
w 512 496 544 496 0
w 544 496 544 512 0
w 512 560 544 560 0
w 544 560 544 544 0
w 336 512 336 640 0
w 320 544 320 672 0
w 304 576 304 704 0
I 336 640 544 640 0 0.5 5
150 432 688 544 688 0 2 0 5
w 320 672 432 672 0
w 304 704 432 704 0
150 544 656 672 656 0 2 0 5
w 544 688 544 672 0
152 672 576 800 576 0 2 5 5
w 656 528 672 528 0
w 672 528 672 560 0
w 672 592 672 656 0
152 800 432 912 432 0 2 5 5
w 800 304 800 416 0
w 800 576 800 448 0
M 912 432 960 432 2 2.5
